x: 0.005
y: 0.005
z: 0.177
orientation (in quaternion): 
    x: 0.0
    y: 0.0
    z: -0.999573671553
    w: 0.0291971768915
